2 1
3 3
4 1
5 3
6 5
7 7
8 1
9 3
10 5
11 7
12 9
13 11
14 13
15 15
16 1
17 3
18 5
19 7
20 9
21 11
22 13
23 15
24 17
25 19
26 21
27 23
28 25
29 27
30 29
31 31
32 1
33 3
34 5
35 7
36 9
37 11
38 13
39 15
40 17
41 19
42 21
43 23
44 25
45 27
46 29
47 31
48 33
49 35
50 37
51 39
52 41
53 43
54 45
55 47
56 49
57 51
58 53
59 55
60 57
61 59
62 61
63 63
64 1
65 3
66 5
67 7
68 9
69 11
70 13
71 15
72 17
73 19
74 21
75 23
76 25
77 27
78 29
79 31
80 33
81 35
82 37
83 39
84 41
85 43
86 45
87 47
88 49
89 51
90 53
91 55
92 57
93 59
94 61
95 63
96 65
97 67
98 69
99 71
100 73
101 75
102 77
103 79
104 81
105 83
106 85
107 87
108 89
109 91
110 93
111 95
112 97
113 99
114 101
115 103
116 105
117 107
118 109
119 111
120 113
121 115
122 117
123 119
124 121
125 123
126 125
127 127
128 1
129 3
130 5
131 7
132 9
133 11
134 13
135 15
136 17
137 19
138 21
139 23
140 25
141 27
142 29
143 31
144 33
145 35
146 37
147 39
148 41
149 43
150 45
151 47
152 49
153 51
154 53
155 55
156 57
157 59
158 61
159 63
160 65
161 67
162 69
163 71
164 73
165 75
166 77
167 79
168 81
169 83
170 85
171 87
172 89
173 91
174 93
175 95
176 97
177 99
178 101
179 103
180 105
181 107
182 109
183 111
184 113
185 115
186 117
187 119
188 121
189 123
190 125
191 127
192 129
193 131
194 133
195 135
196 137
197 139
198 141
199 143
200 145
201 147
202 149
203 151
204 153
205 155
206 157
207 159
208 161
209 163
210 165
211 167
212 169
213 171
214 173
215 175
216 177
217 179
218 181
219 183
220 185
221 187
222 189
223 191
224 193
225 195
226 197
227 199
228 201
229 203
230 205
231 207
232 209
233 211
234 213
235 215
236 217
237 219
238 221
239 223
240 225
241 227
242 229
243 231
244 233
245 235
246 237
247 239
248 241
249 243
250 245
251 247
252 249
253 251
254 253
255 255
256 1
257 3
258 5
259 7
260 9
261 11
262 13
263 15
264 17
265 19
266 21
267 23
268 25
269 27
270 29
271 31
272 33
273 35
274 37
275 39
276 41
277 43
278 45
279 47
280 49
281 51
282 53
283 55
284 57
285 59
286 61
287 63
288 65
289 67
290 69
291 71
292 73
293 75
294 77
295 79
296 81
297 83
298 85
299 87
300 89
301 91
302 93
303 95
304 97
305 99
306 101
307 103
308 105
309 107
310 109
311 111
312 113
313 115
314 117
315 119
316 121
317 123
318 125
319 127
320 129
321 131
322 133
323 135
324 137
325 139
326 141
327 143
328 145
329 147
330 149
331 151
332 153
333 155
334 157
335 159
336 161
337 163
338 165
339 167
340 169
341 171
342 173
343 175
344 177
345 179
346 181
347 183
348 185
349 187
350 189
351 191
352 193
353 195
354 197
355 199
356 201
357 203
358 205
359 207
360 209
361 211
362 213
363 215
364 217
365 219
366 221
367 223
368 225
369 227
370 229
371 231
372 233
373 235
374 237
375 239
376 241
377 243
378 245
379 247
380 249
381 251
382 253
383 255
384 257
385 259
386 261
387 263
388 265
389 267
390 269
391 271
392 273
393 275
394 277
395 279
396 281
397 283
398 285
399 287
400 289
401 291
402 293
403 295
404 297
405 299
406 301
407 303
408 305
409 307
410 309
411 311
412 313
413 315
414 317
415 319
416 321
417 323
418 325
419 327
420 329
421 331
422 333
423 335
424 337
425 339
426 341
427 343
428 345
429 347
430 349
431 351
432 353
433 355
434 357
435 359
436 361
437 363
438 365
439 367
440 369
441 371
442 373
443 375
444 377
445 379
446 381
447 383
448 385
449 387
450 389
451 391
452 393
453 395
454 397
455 399
456 401
457 403
458 405
459 407
460 409
461 411
462 413
463 415
464 417
465 419
466 421
467 423
468 425
469 427
470 429
471 431
472 433
473 435
474 437
475 439
476 441
477 443
478 445
479 447
480 449
481 451
482 453
483 455
484 457
485 459
486 461
487 463
488 465
489 467
490 469
491 471
492 473
493 475
494 477
495 479
496 481
497 483
498 485
499 487
500 489
501 491
502 493
503 495
504 497
505 499
506 501
507 503
508 505
509 507
510 509
511 511
512 1
513 3
514 5
515 7
516 9
517 11
518 13
519 15
520 17
521 19
522 21
523 23
524 25
525 27
526 29
527 31
528 33
529 35
530 37
531 39
532 41
533 43
534 45
535 47
536 49
537 51
538 53
539 55
540 57
541 59
542 61
543 63
544 65
545 67
546 69
547 71
548 73
549 75
550 77
551 79
552 81
553 83
554 85
555 87
556 89
557 91
558 93
559 95
560 97
561 99
562 101
563 103
564 105
565 107
566 109
567 111
568 113
569 115
570 117
571 119
572 121
573 123
574 125
575 127
576 129
577 131
578 133
579 135
580 137
581 139
582 141
583 143
584 145
585 147
586 149
587 151
588 153
589 155
590 157
591 159
592 161
593 163
594 165
595 167
596 169
597 171
598 173
599 175
600 177
601 179
602 181
603 183
604 185
605 187
606 189
607 191
608 193
609 195
610 197
611 199
612 201
613 203
614 205
615 207
616 209
617 211
618 213
619 215
620 217
621 219
622 221
623 223
624 225
625 227
626 229
627 231
628 233
629 235
630 237
631 239
632 241
633 243
634 245
635 247
636 249
637 251
638 253
639 255
640 257
641 259
642 261
643 263
644 265
645 267
646 269
647 271
648 273
649 275
650 277
651 279
652 281
653 283
654 285
655 287
656 289
657 291
658 293
659 295
660 297
661 299
662 301
663 303
664 305
665 307
666 309
667 311
668 313
669 315
670 317
671 319
672 321
673 323
674 325
675 327
676 329
677 331
678 333
679 335
680 337
681 339
682 341
683 343
684 345
685 347
686 349
687 351
688 353
689 355
690 357
691 359
692 361
693 363
694 365
695 367
696 369
697 371
698 373
699 375
700 377
701 379
702 381
703 383
704 385
705 387
706 389
707 391
708 393
709 395
710 397
711 399
712 401
713 403
714 405
715 407
716 409
717 411
718 413
719 415
720 417
721 419
722 421
723 423
724 425
725 427
726 429
727 431
728 433
729 435
730 437
731 439
732 441
733 443
734 445
735 447
736 449
737 451
738 453
739 455
740 457
741 459
742 461
743 463
744 465
745 467
746 469
747 471
748 473
749 475
750 477
751 479
752 481
753 483
754 485
755 487
756 489
757 491
758 493
759 495
760 497
761 499
762 501
763 503
764 505
765 507
766 509
767 511
768 513
769 515
770 517
771 519
772 521
773 523
774 525
775 527
776 529
777 531
778 533
779 535
780 537
781 539
782 541
783 543
784 545
785 547
786 549
787 551
788 553
789 555
790 557
791 559
792 561
793 563
794 565
795 567
796 569
797 571
798 573
799 575
800 577
801 579
802 581
803 583
804 585
805 587
806 589
807 591
808 593
809 595
810 597
811 599
812 601
813 603
814 605
815 607
816 609
817 611
818 613
819 615
820 617
821 619
822 621
823 623
824 625
825 627
826 629
827 631
828 633
829 635
830 637
831 639
832 641
833 643
834 645
835 647
836 649
837 651
838 653
839 655
840 657
841 659
842 661
843 663
844 665
845 667
846 669
847 671
848 673
849 675
850 677
851 679
852 681
853 683
854 685
855 687
856 689
857 691
858 693
859 695
860 697
861 699
862 701
863 703
864 705
865 707
866 709
867 711
868 713
869 715
870 717
871 719
872 721
873 723
874 725
875 727
876 729
877 731
878 733
879 735
880 737
881 739
882 741
883 743
884 745
885 747
886 749
887 751
888 753
889 755
890 757
891 759
892 761
893 763
894 765
895 767
896 769
897 771
898 773
899 775
900 777
901 779
902 781
903 783
904 785
905 787
906 789
907 791
908 793
909 795
910 797
911 799
912 801
913 803
914 805
915 807
916 809
917 811
918 813
919 815
920 817
921 819
922 821
923 823
924 825
925 827
926 829
927 831
928 833
929 835
930 837
931 839
932 841
933 843
934 845
935 847
936 849
937 851
938 853
939 855
940 857
941 859
942 861
943 863
944 865
945 867
946 869
947 871
948 873
949 875
950 877
951 879
952 881
953 883
954 885
955 887
956 889
957 891
958 893
959 895
960 897
961 899
962 901
963 903
964 905
965 907
966 909
967 911
968 913
969 915
970 917
971 919
972 921
973 923
974 925
975 927
976 929
977 931
978 933
979 935
980 937
981 939
982 941
983 943
984 945
985 947
986 949
987 951
988 953
989 955
990 957
991 959
992 961
993 963
994 965
995 967
996 969
997 971
998 973
999 975
1000 977
